[gd_scene load_steps=2 format=3 uid="uid://ewnnqlvpqdim"]

[ext_resource type="Script" path="res://scenes/vfx/player/afterimage.gd" id="1_1o84e"]

[node name="Afterimage" type="MeshInstance3D"]
script = ExtResource("1_1o84e")

[node name="Skeleton3D" type="Skeleton3D" parent="."]
bones/0/name = "mixamorig1_Hips"
bones/0/parent = -1
bones/0/rest = Transform3D(1, 0, 0, 0, 0, 1, 0, -1, 0, -2.28882e-05, 3.00788, -99.7544)
bones/0/enabled = true
bones/0/position = Vector3(-0.657161, 1.25401, -99.514)
bones/0/rotation = Quaternion(-0.731992, -0.0469425, 0.0126696, 0.679576)
bones/0/scale = Vector3(1, 1, 1)
bones/1/name = "mixamorig1_Spine"
bones/1/parent = 0
bones/1/rest = Transform3D(1, 0, 0, 0, 0.992705, 0.120572, 0, -0.120572, 0.992705, 0, 9.71722, -1.18021)
bones/1/enabled = true
bones/1/position = Vector3(-6.48201e-07, 9.71727, -1.18025)
bones/1/rotation = Quaternion(0.00671287, -0.0468441, 0.0297867, 0.998435)
bones/1/scale = Vector3(1, 1, 1)
bones/2/name = "mixamorig1_Spine1"
bones/2/parent = 1
bones/2/rest = Transform3D(1, 0, 0, 0, 1, -3.72529e-09, 0, 3.72529e-09, 1, 0, 11.4201, 1.73151e-05)
bones/2/enabled = true
bones/2/position = Vector3(2.98023e-07, 11.4201, -1.01328e-06)
bones/2/rotation = Quaternion(-0.0171822, -0.0129809, -0.00430387, 0.999759)
bones/2/scale = Vector3(1, 1, 1)
bones/3/name = "mixamorig1_Spine2"
bones/3/parent = 2
bones/3/rest = Transform3D(1, 0, 0, 0, 1, -2.6077e-08, 0, 2.6077e-08, 1, 0, 13.0516, 9.53674e-07)
bones/3/enabled = true
bones/3/position = Vector3(0, 13.0516, 9.53674e-07)
bones/3/rotation = Quaternion(-0.0173585, -0.0129993, -0.00462463, 0.999754)
bones/3/scale = Vector3(1, 1, 1)
bones/4/name = "mixamorig1_Neck"
bones/4/parent = 3
bones/4/rest = Transform3D(1, 0, 0, 0, 0.992704, -0.120572, 0, 0.120572, 0.992704, 0, 14.6831, -6.86646e-05)
bones/4/enabled = true
bones/4/position = Vector3(7.15256e-07, 14.683, -3.99444e-06)
bones/4/rotation = Quaternion(0.0417951, 0.00869757, 0.0143466, 0.998985)
bones/4/scale = Vector3(1, 1, 1)
bones/5/name = "mixamorig1_Head"
bones/5/parent = 4
bones/5/rest = Transform3D(1, 0, 0, 0, 1, -5.44696e-09, 0, 5.44696e-09, 1, 1.81899e-12, 6.7202, 1.97216)
bones/5/enabled = true
bones/5/position = Vector3(1.81899e-12, 6.7202, 1.97216)
bones/5/rotation = Quaternion(-0.0186163, 0.00954803, 0.0137951, 0.999686)
bones/5/scale = Vector3(1, 1, 1)
bones/6/name = "mixamorig1_HeadTop_End"
bones/6/parent = 5
bones/6/rest = Transform3D(1, 0, 0, 0, 1, -3.55271e-15, 0, 3.55271e-15, 1, 0, 20.9998, 6.16276)
bones/6/enabled = true
bones/6/position = Vector3(0, 20.9998, 6.16276)
bones/6/rotation = Quaternion(1.77636e-15, 0, 0, 1)
bones/6/scale = Vector3(1, 1, 1)
bones/7/name = "mixamorig1_LeftShoulder"
bones/7/parent = 3
bones/7/rest = Transform3D(-0.0376039, 0.964558, -0.261178, -0.000195861, -0.26137, -0.965239, -0.999293, -0.0362455, 0.0100173, 6.14012, 13.0009, -0.233709)
bones/7/enabled = true
bones/7/position = Vector3(6.14015, 13.0007, -0.233595)
bones/7/rotation = Quaternion(-0.386234, -0.607107, 0.629035, -0.294211)
bones/7/scale = Vector3(1, 1, 1)
bones/8/name = "mixamorig1_LeftArm"
bones/8/parent = 7
bones/8/rest = Transform3D(0.999536, 0.0298509, 0.00600511, -0.0304489, 0.979906, 0.197119, -2.50293e-07, -0.197211, 0.980361, -8.83937e-05, 13.006, 7.92742e-06)
bones/8/enabled = true
bones/8/position = Vector3(-1.33638e-06, 13.0059, -3.65134e-05)
bones/8/rotation = Quaternion(0.47435, 0.145466, 0.0529334, 0.86662)
bones/8/scale = Vector3(1, 1, 1)
bones/9/name = "mixamorig1_LeftForeArm"
bones/9/parent = 8
bones/9/rest = Transform3D(0.993622, -0.112216, -0.0110895, 0.112763, 0.988806, 0.0977135, 3.80911e-07, -0.0983407, 0.995153, 6.31809e-05, 25.5608, 7.16448e-05)
bones/9/enabled = true
bones/9/position = Vector3(-1.39428e-06, 25.5608, -1.18694e-05)
bones/9/rotation = Quaternion(0.05174, -0.249309, 0.0591467, 0.965231)
bones/9/scale = Vector3(1, 1, 1)
bones/10/name = "mixamorig1_LeftHand"
bones/10/parent = 9
bones/10/rest = Transform3D(0.972897, -0.0308369, 0.229173, 0.0553916, 0.993293, -0.101496, -0.224506, 0.11144, 0.96808, -2.90871e-05, 23.4042, -9.23872e-06)
bones/10/enabled = true
bones/10/position = Vector3(-3.74421e-08, 23.4041, 6.93786e-06)
bones/10/rotation = Quaternion(0.11882, -0.0335709, -0.216826, 0.96837)
bones/10/scale = Vector3(1, 1, 1)
bones/11/name = "mixamorig1_LeftHandThumb1"
bones/11/parent = 10
bones/11/rest = Transform3D(0.865114, -0.487128, 0.119519, 0.501575, 0.840195, -0.206141, -1.70246e-06, 0.238283, 0.971195, -2.86769, 3.9358, 1.18836)
bones/11/enabled = true
bones/11/position = Vector3(-2.8677, 3.93584, 1.18831)
bones/11/rotation = Quaternion(0.0351701, 0.121766, 0.243889, 0.961485)
bones/11/scale = Vector3(1, 1, 1)
bones/12/name = "mixamorig1_LeftHandThumb2"
bones/12/parent = 11
bones/12/rest = Transform3D(1, 3.18184e-07, -4.95954e-07, -3.97072e-07, 0.985752, -0.168204, 4.35368e-07, 0.168204, 0.985752, -0.405415, 3.98956, -2.55108e-05)
bones/12/enabled = true
bones/12/position = Vector3(-0.405414, 3.98959, 2.00535e-05)
bones/12/rotation = Quaternion(0.0188785, -0.246779, -0.0353453, 0.968243)
bones/12/scale = Vector3(1, 1, 1)
bones/13/name = "mixamorig1_LeftHandThumb3"
bones/13/parent = 12
bones/13/rest = Transform3D(1, 4.40804e-07, -7.48614e-07, -4.40227e-07, 1, 0.000770673, 7.48953e-07, -0.000770673, 1, -0.0373008, 3.6, -4.48227e-05)
bones/13/enabled = true
bones/13/position = Vector3(-0.0373025, 3.59991, 7.46195e-06)
bones/13/rotation = Quaternion(0.030923, 0.167512, -0.00137197, 0.985384)
bones/13/scale = Vector3(1, 1, 1)
bones/14/name = "mixamorig1_LeftHandThumb4"
bones/14/parent = 13
bones/14/rest = Transform3D(1, 7.45058e-09, 1.09896e-07, -7.45058e-09, 1, 2.23517e-08, -1.09896e-07, -2.23517e-08, 1, 0.442709, 2.97906, -2.98023e-06)
bones/14/enabled = true
bones/14/position = Vector3(0.442712, 2.97905, -2.28882e-05)
bones/14/rotation = Quaternion(-1.11759e-08, 5.4948e-08, -3.72529e-09, 1)
bones/14/scale = Vector3(1, 1, 1)
bones/15/name = "mixamorig1_LeftHandIndex1"
bones/15/parent = 10
bones/15/rest = Transform3D(0.993147, -0.116786, 0.00442518, 0.116869, 0.992435, -0.0375992, -6.5635e-07, 0.0378587, 0.999283, -3.48425, 11.7578, 0.113098)
bones/15/enabled = true
bones/15/position = Vector3(-3.48425, 11.7579, 0.113073)
bones/15/rotation = Quaternion(0.133719, 0.0314763, -0.00677031, 0.990496)
bones/15/scale = Vector3(1, 1, 1)
bones/16/name = "mixamorig1_LeftHandIndex2"
bones/16/parent = 15
bones/16/rest = Transform3D(1, 1.58429e-07, -4.82676e-07, -2.15963e-07, 0.992575, -0.121634, 4.59822e-07, 0.121634, 0.992575, 0.0231073, 3.2984, -3.49432e-05)
bones/16/enabled = true
bones/16/position = Vector3(0.0231269, 3.29839, -9.8009e-06)
bones/16/rotation = Quaternion(0.171034, 0.00578642, 0.0264764, 0.984892)
bones/16/scale = Vector3(1, 1, 1)
bones/17/name = "mixamorig1_LeftHandIndex3"
bones/17/parent = 16
bones/17/rest = Transform3D(1, -9.78078e-08, 2.24252e-07, 1.08946e-07, 0.998738, -0.0502174, -2.19057e-07, 0.0502174, 0.998738, -0.00681233, 3.08105, -1.5378e-05)
bones/17/enabled = true
bones/17/position = Vector3(-0.00682104, 3.08105, 1.4105e-06)
bones/17/rotation = Quaternion(0.185362, 0.0153188, -0.0168646, 0.982406)
bones/17/scale = Vector3(1, 1, 1)
bones/18/name = "mixamorig1_LeftHandIndex4"
bones/18/parent = 17
bones/18/rest = Transform3D(1, 2.23517e-08, -7.45058e-09, -2.23517e-08, 1, -1.21072e-08, 7.45058e-09, 1.21072e-08, 1, -0.0162988, 2.71208, 2.74181e-06)
bones/18/enabled = true
bones/18/position = Vector3(-0.0162983, 2.71208, 3.57255e-06)
bones/18/rotation = Quaternion(6.0536e-09, -3.72529e-09, -1.11759e-08, 1)
bones/18/scale = Vector3(1, 1, 1)
bones/19/name = "mixamorig1_LeftHandMiddle1"
bones/19/parent = 10
bones/19/rest = Transform3D(0.999996, 0.0029339, -0.000269656, -0.00294626, 0.995794, -0.0915689, -1.32233e-07, 0.0915693, 0.995799, -1.02933, 12.3472, -0.315827)
bones/19/enabled = true
bones/19/position = Vector3(-1.02927, 12.3471, -0.315815)
bones/19/rotation = Quaternion(0.166386, -0.00495882, -0.00971165, 0.986)
bones/19/scale = Vector3(1, 1, 1)
bones/20/name = "mixamorig1_LeftHandMiddle2"
bones/20/parent = 19
bones/20/rest = Transform3D(1, 6.83669e-08, -1.02601e-07, -7.87821e-08, 0.99445, -0.10521, 9.4839e-08, 0.10521, 0.99445, 0.00993764, 3.43211, 5.99027e-06)
bones/20/enabled = true
bones/20/position = Vector3(0.0099479, 3.43216, -1.26469e-05)
bones/20/rotation = Quaternion(0.270302, 0.0112464, 0.0279109, 0.962305)
bones/20/scale = Vector3(1, 1, 1)
bones/21/name = "mixamorig1_LeftHandMiddle3"
bones/21/parent = 20
bones/21/rest = Transform3D(1, -8.68899e-08, 4.14072e-08, 8.44735e-08, 0.998477, 0.0551613, -4.61371e-08, -0.0551613, 0.998477, -0.00997221, 3.16095, -7.20993e-05)
bones/21/enabled = true
bones/21/position = Vector3(-0.00998801, 3.16092, 6.3808e-07)
bones/21/rotation = Quaternion(0.189094, 0.0126633, -0.0131529, 0.981789)
bones/21/scale = Vector3(1, 1, 1)
bones/22/name = "mixamorig1_LeftHandMiddle4"
bones/22/parent = 21
bones/22/rest = Transform3D(1, 3.72529e-09, -4.65661e-09, -3.72529e-09, 1, 1.39698e-09, 4.65661e-09, -1.39698e-09, 1, 3.88026e-05, 2.87638, -7.80076e-06)
bones/22/enabled = true
bones/22/position = Vector3(3.44515e-05, 2.87638, -1.09524e-05)
bones/22/rotation = Quaternion(-6.98491e-10, -2.32831e-09, -1.86264e-09, 1)
bones/22/scale = Vector3(1, 1, 1)
bones/23/name = "mixamorig1_LeftHandRing1"
bones/23/parent = 10
bones/23/rest = Transform3D(0.998875, 0.0459972, -0.0115556, -0.0474266, 0.968772, -0.243376, 1.43889e-07, 0.24365, 0.969863, 1.2668, 12.5058, -0.277152)
bones/23/enabled = true
bones/23/position = Vector3(1.26675, 12.5059, -0.277079)
bones/23/rotation = Quaternion(0.253207, -0.0269921, -0.023317, 0.966754)
bones/23/scale = Vector3(1, 1, 1)
bones/24/name = "mixamorig1_LeftHandRing2"
bones/24/parent = 23
bones/24/rest = Transform3D(1, -8.19887e-08, 6.68886e-07, 3.16326e-08, 0.997188, 0.0749389, -6.7315e-07, -0.0749389, 0.997188, -0.00658298, 2.72614, 8.56817e-05)
bones/24/enabled = true
bones/24/position = Vector3(-0.00658083, 2.72606, 4.47706e-06)
bones/24/rotation = Quaternion(0.168691, -0.0077868, 0.000124397, 0.985638)
bones/24/scale = Vector3(1, 1, 1)
bones/25/name = "mixamorig1_LeftHandRing3"
bones/25/parent = 24
bones/25/rest = Transform3D(1, -4.12047e-07, 1.86779e-07, 4.11242e-07, 0.999991, 0.00428808, -1.88544e-07, -0.00428808, 0.999991, 0.00340796, 2.6203, -3.8445e-06)
bones/25/enabled = true
bones/25/position = Vector3(0.00341237, 2.62031, 7.56254e-06)
bones/25/rotation = Quaternion(0.243871, -0.00320607, -0.0217375, 0.969559)
bones/25/scale = Vector3(1, 1, 1)
bones/26/name = "mixamorig1_LeftHandRing4"
bones/26/parent = 25
bones/26/rest = Transform3D(1, 3.72529e-09, -3.72529e-09, -3.72529e-09, 1, -5.70435e-09, 3.72529e-09, 5.70435e-09, 1, 0.00317097, 2.2269, 8.31485e-06)
bones/26/enabled = true
bones/26/position = Vector3(0.0031718, 2.22689, 6.55652e-07)
bones/26/rotation = Quaternion(2.85218e-09, -1.86265e-09, -1.86264e-09, 1)
bones/26/scale = Vector3(1, 1, 1)
bones/27/name = "mixamorig1_LeftHandPinky1"
bones/27/parent = 10
bones/27/rest = Transform3D(0.994412, 0.103643, -0.0200417, -0.105563, 0.976327, -0.188793, 1.08965e-07, 0.189854, 0.981812, 3.24681, 11.1019, -0.112766)
bones/27/enabled = true
bones/27/position = Vector3(3.24679, 11.102, -0.11283)
bones/27/rotation = Quaternion(0.304431, -0.0811222, -0.0831482, 0.945425)
bones/27/scale = Vector3(1, 1, 1)
bones/28/name = "mixamorig1_LeftHandPinky2"
bones/28/parent = 27
bones/28/rest = Transform3D(1, -3.38889e-07, -3.47283e-07, 3.10243e-07, 0.996843, -0.0794038, 3.73095e-07, 0.0794037, 0.996843, 0.0084182, 2.73466, -2.59876e-05)
bones/28/enabled = true
bones/28/position = Vector3(0.00842345, 2.73461, 3.68849e-06)
bones/28/rotation = Quaternion(0.346558, -0.000387279, -0.01851, 0.937846)
bones/28/scale = Vector3(1, 1, 1)
bones/29/name = "mixamorig1_LeftHandPinky3"
bones/29/parent = 28
bones/29/rest = Transform3D(1, 1.00346e-08, 4.33707e-07, 1.65268e-09, 0.999637, -0.0269389, -4.3382e-07, 0.0269389, 0.999637, -0.00291276, 2.19388, -9.63807e-05)
bones/29/enabled = true
bones/29/position = Vector3(-0.00291276, 2.19395, -6.90452e-06)
bones/29/rotation = Quaternion(0.129864, 0.000288162, -0.00700211, 0.991507)
bones/29/scale = Vector3(1, 1, 1)
bones/30/name = "mixamorig1_LeftHandPinky4"
bones/30/parent = 29
bones/30/rest = Transform3D(1, -3.72529e-09, -1.16415e-09, 3.72529e-09, 1, 2.58442e-08, 1.16415e-09, -2.58442e-08, 1, -0.00551486, 1.97555, 1.36495e-05)
bones/30/enabled = true
bones/30/position = Vector3(-0.00550663, 1.97554, 2.98023e-07)
bones/30/rotation = Quaternion(-1.29221e-08, -5.82077e-10, 1.86265e-09, 1)
bones/30/scale = Vector3(1, 1, 1)
bones/31/name = "mixamorig1_RightShoulder"
bones/31/parent = 3
bones/31/rest = Transform3D(-0.028401, -0.964558, 0.262336, 0.00011301, -0.262445, -0.964947, 0.999596, -0.0273758, 0.00756276, -6.14013, 12.9938, -0.175979)
bones/31/enabled = true
bones/31/position = Vector3(-6.14015, 12.9937, -0.175917)
bones/31/rotation = Quaternion(0.185087, -0.648373, 0.611042, 0.414708)
bones/31/scale = Vector3(1, 1, 1)
bones/32/name = "mixamorig1_RightArm"
bones/32/parent = 31
bones/32/rest = Transform3D(0.998925, -0.0454329, -0.00922337, 0.0463596, 0.978958, 0.198724, 6.88247e-07, -0.198938, 0.980012, 2.06232e-05, 13.006, -1.16229e-05)
bones/32/enabled = true
bones/32/position = Vector3(3.95781e-07, 13.0059, -1.1565e-05)
bones/32/rotation = Quaternion(0.0201778, 0.524294, 0.00232661, 0.851295)
bones/32/scale = Vector3(1, 1, 1)
bones/33/name = "mixamorig1_RightForeArm"
bones/33/parent = 32
bones/33/rest = Transform3D(0.993221, 0.115681, 0.0114329, -0.116245, 0.988405, 0.0976847, 6.98492e-09, -0.0983515, 0.995152, -2.31266e-05, 25.5711, 0.000109971)
bones/33/enabled = true
bones/33/position = Vector3(-4.02887e-06, 25.5711, 1.64517e-05)
bones/33/rotation = Quaternion(0.257133, 0.191201, -0.694501, 0.6442)
bones/33/scale = Vector3(1, 1, 1)
bones/34/name = "mixamorig1_RightHand"
bones/34/parent = 33
bones/34/rest = Transform3D(0.974485, 0.04354, -0.22019, -0.0675587, 0.99241, -0.102754, 0.214045, 0.115008, 0.97003, 7.08103e-05, 23.4017, 4.92334e-05)
bones/34/enabled = true
bones/34/position = Vector3(3.86957e-07, 23.4017, 1.11799e-05)
bones/34/rotation = Quaternion(-0.481537, 0.00731749, -0.22535, 0.846928)
bones/34/scale = Vector3(1, 1, 1)
bones/35/name = "mixamorig1_RightHandThumb1"
bones/35/parent = 34
bones/35/rest = Transform3D(0.872429, 0.474703, -0.116294, -0.488741, 0.847372, -0.207591, 2.71946e-07, 0.237946, 0.971278, 2.88502, 4.0543, 1.21197)
bones/35/enabled = true
bones/35/position = Vector3(2.88508, 4.05434, 1.212)
bones/35/rotation = Quaternion(0.442904, -0.128637, 0.0302071, 0.886778)
bones/35/scale = Vector3(1, 1, 1)
bones/36/name = "mixamorig1_RightHandThumb2"
bones/36/parent = 35
bones/36/rest = Transform3D(1, 7.60819e-07, -1.33345e-06, -9.80754e-07, 0.984816, -0.1736, 1.18112e-06, 0.1736, 0.984816, 0.428407, 4.07485, -6.02007e-05)
bones/36/enabled = true
bones/36/position = Vector3(0.42841, 4.07478, 5.78315e-06)
bones/36/rotation = Quaternion(-0.104333, -0.145014, -0.0661719, 0.981686)
bones/36/scale = Vector3(1, 1, 1)
bones/37/name = "mixamorig1_RightHandThumb3"
bones/37/parent = 36
bones/37/rest = Transform3D(1, -6.05621e-07, 1.03835e-07, 5.9206e-07, 0.994901, 0.100855, -1.64386e-07, -0.100855, 0.994901, 0.0364954, 3.53035, 9.58443e-05)
bones/37/enabled = true
bones/37/position = Vector3(0.0364954, 3.53041, -1.15426e-05)
bones/37/rotation = Quaternion(-0.148366, 0.128586, 0.0407328, 0.979691)
bones/37/scale = Vector3(1, 1, 1)
bones/38/name = "mixamorig1_RightHandThumb4"
bones/38/parent = 37
bones/38/rest = Transform3D(1, -7.63685e-08, -9.49949e-08, 7.63685e-08, 1, -3.62731e-15, 9.49949e-08, -3.62731e-15, 1, -0.464906, 2.87354, -4.52995e-06)
bones/38/enabled = true
bones/38/position = Vector3(-0.464911, 2.87355, 1.16825e-05)
bones/38/rotation = Quaternion(2.11758e-22, -4.74975e-08, 3.81842e-08, 1)
bones/38/scale = Vector3(1, 1, 1)
bones/39/name = "mixamorig1_RightHandIndex1"
bones/39/parent = 34
bones/39/rest = Transform3D(0.998107, 0.0612501, -0.0054752, -0.0614944, 0.994143, -0.0888672, 7.21775e-09, 0.0890357, 0.996028, 3.61441, 12.3466, -0.00785975)
bones/39/enabled = true
bones/39/position = Vector3(3.6145, 12.3466, -0.00778046)
bones/39/rotation = Quaternion(0.502412, -0.00356029, -0.00254193, 0.864617)
bones/39/scale = Vector3(1, 1, 1)
bones/40/name = "mixamorig1_RightHandIndex2"
bones/40/parent = 39
bones/40/rest = Transform3D(1, -4.74486e-07, -6.56457e-07, 4.17722e-07, 0.996472, -0.0839204, 6.93961e-07, 0.0839204, 0.996472, -0.0118687, 3.11735, 1.45733e-05)
bones/40/enabled = true
bones/40/position = Vector3(-0.0118697, 3.1174, 6.40301e-06)
bones/40/rotation = Quaternion(0.549204, -0.0207149, -0.0192145, 0.835211)
bones/40/scale = Vector3(1, 1, 1)
bones/41/name = "mixamorig1_RightHandIndex3"
bones/41/parent = 40
bones/41/rest = Transform3D(1, 6.65744e-07, 9.6059e-08, -6.66047e-07, 0.999995, 0.00319592, -9.39308e-08, -0.00319592, 0.999995, 0.00661218, 2.85603, 7.15256e-06)
bones/41/enabled = true
bones/41/position = Vector3(0.0066247, 2.85606, -3.08353e-06)
bones/41/rotation = Quaternion(0.495432, -0.0137797, 0.0206915, 0.868291)
bones/41/scale = Vector3(1, 1, 1)
bones/42/name = "mixamorig1_RightHandIndex4"
bones/42/parent = 41
bones/42/rest = Transform3D(1, -1.76951e-08, -1.30385e-08, 1.76951e-08, 1, -2.79397e-08, 1.30385e-08, 2.79397e-08, 1, 0.00525594, 2.5346, 6.4373e-06)
bones/42/enabled = true
bones/42/position = Vector3(0.00526714, 2.5346, -1.08778e-05)
bones/42/rotation = Quaternion(1.39698e-08, -6.51926e-09, 8.84756e-09, 1)
bones/42/scale = Vector3(1, 1, 1)
bones/43/name = "mixamorig1_RightHandMiddle1"
bones/43/parent = 34
bones/43/rest = Transform3D(0.999996, -0.00283432, 0.000139006, 0.00283773, 0.998802, -0.048847, -3.91825e-07, 0.0488472, 0.998806, 0.922337, 12.1764, -0.222323)
bones/43/enabled = true
bones/43/position = Vector3(0.922413, 12.1764, -0.222218)
bones/43/rotation = Quaternion(0.553602, -0.00965084, -0.0280743, 0.832252)
bones/43/scale = Vector3(1, 1, 1)
bones/44/name = "mixamorig1_RightHandMiddle2"
bones/44/parent = 43
bones/44/rest = Transform3D(1, 2.90879e-07, -8.21619e-07, -4.04819e-07, 0.989827, -0.14228, 7.71874e-07, 0.14228, 0.989826, -0.0161537, 3.47917, 7.60853e-05)
bones/44/enabled = true
bones/44/position = Vector3(-0.0161408, 3.47921, 6.49931e-06)
bones/44/rotation = Quaternion(0.672246, -0.0281337, -0.0157643, 0.739625)
bones/44/scale = Vector3(1, 1, 1)
bones/45/name = "mixamorig1_RightHandMiddle3"
bones/45/parent = 44
bones/45/rest = Transform3D(1, -3.28168e-07, 4.82225e-07, 3.01406e-07, 0.998515, 0.0544843, -4.99389e-07, -0.0544843, 0.998515, 0.0136642, 3.22605, -9.67681e-05)
bones/45/enabled = true
bones/45/position = Vector3(0.0136672, 3.22597, 8.03848e-08)
bones/45/rotation = Quaternion(0.281146, -0.00519939, 0.0172447, 0.959496)
bones/45/scale = Vector3(1, 1, 1)
bones/46/name = "mixamorig1_RightHandMiddle4"
bones/46/parent = 45
bones/46/rest = Transform3D(1, 1.39698e-08, 9.31322e-10, -1.39698e-08, 1, -3.11993e-08, -9.31323e-10, 3.11993e-08, 1, 0.00248647, 2.92796, 1.48863e-05)
bones/46/enabled = true
bones/46/position = Vector3(0.00248647, 2.92796, 1.48863e-05)
bones/46/rotation = Quaternion(1.55997e-08, 4.65661e-10, -6.98492e-09, 1)
bones/46/scale = Vector3(1, 1, 1)
bones/47/name = "mixamorig1_RightHandRing1"
bones/47/parent = 34
bones/47/rest = Transform3D(0.995966, -0.0888331, 0.0126674, 0.0897317, 0.985992, -0.1406, 2.79397e-08, 0.14117, 0.989985, -1.21663, 12.282, -0.151007)
bones/47/enabled = true
bones/47/position = Vector3(-1.21657, 12.2821, -0.150989)
bones/47/rotation = Quaternion(0.629013, 0.000730736, 0.0207724, 0.777116)
bones/47/scale = Vector3(1, 1, 1)
bones/48/name = "mixamorig1_RightHandRing2"
bones/48/parent = 47
bones/48/rest = Transform3D(1, 2.50915e-07, 8.26669e-09, -2.49206e-07, 0.996096, -0.0882721, -3.03832e-08, 0.0882721, 0.996096, -0.00370491, 2.82165, -9.57251e-05)
bones/48/enabled = true
bones/48/position = Vector3(-0.00370431, 2.82159, 1.73671e-06)
bones/48/rotation = Quaternion(0.596615, -0.0013368, 0.00705156, 0.802496)
bones/48/scale = Vector3(1, 1, 1)
bones/49/name = "mixamorig1_RightHandRing3"
bones/49/parent = 48
bones/49/rest = Transform3D(1, -2.54554e-07, 4.15032e-07, 2.1297e-07, 0.995257, 0.0972835, -4.37827e-07, -0.0972835, 0.995257, 0.00779021, 2.68767, 6.99461e-05)
bones/49/enabled = true
bones/49/position = Vector3(0.00779641, 2.68769, 3.48555e-06)
bones/49/rotation = Quaternion(0.33457, 0.00381884, 0.0170552, 0.942209)
bones/49/scale = Vector3(1, 1, 1)
bones/50/name = "mixamorig1_RightHandRing4"
bones/50/parent = 49
bones/50/rest = Transform3D(1, -1.39698e-09, 4.19095e-09, 1.39698e-09, 1, -1.95578e-08, -4.19095e-09, 1.95578e-08, 1, -0.00408864, 2.36844, 2.22325e-05)
bones/50/enabled = true
bones/50/position = Vector3(-0.00408494, 2.36845, 1.07586e-05)
bones/50/rotation = Quaternion(9.77889e-09, 2.09548e-09, 6.98492e-10, 1)
bones/50/scale = Vector3(1, 1, 1)
bones/51/name = "mixamorig1_RightHandPinky1"
bones/51/parent = 34
bones/51/rest = Transform3D(0.99325, -0.114303, 0.0197354, 0.115994, 0.978769, -0.16899, -3.31551e-07, 0.170139, 0.98542, -3.3204, 11.1946, -0.138033)
bones/51/enabled = true
bones/51/position = Vector3(-3.32035, 11.1946, -0.137962)
bones/51/rotation = Quaternion(0.680823, 0.00491944, -0.0357423, 0.731559)
bones/51/scale = Vector3(1, 1, 1)
bones/52/name = "mixamorig1_RightHandPinky2"
bones/52/parent = 51
bones/52/rest = Transform3D(1, -3.28276e-08, -2.64179e-07, 7.00055e-10, 0.992689, -0.120704, 2.6621e-07, 0.120704, 0.992688, -0.00805736, 2.64035, 2.50936e-05)
bones/52/enabled = true
bones/52/position = Vector3(-0.00804937, 2.64046, 9.35611e-06)
bones/52/rotation = Quaternion(0.456989, 8.44484e-05, 0.0169525, 0.889311)
bones/52/scale = Vector3(1, 1, 1)
bones/53/name = "mixamorig1_RightHandPinky3"
bones/53/parent = 52
bones/53/rest = Transform3D(1, -2.50817e-07, -6.0439e-08, 2.53028e-07, 0.999204, 0.0398798, 5.03884e-08, -0.0398798, 0.999204, 0.00557816, 2.14912, 2.23517e-05)
bones/53/enabled = true
bones/53/position = Vector3(0.00556672, 2.14904, -2.15723e-06)
bones/53/rotation = Quaternion(0.223391, -0.00047238, 0.00642854, 0.974708)
bones/53/scale = Vector3(1, 1, 1)
bones/54/name = "mixamorig1_RightHandPinky4"
bones/54/parent = 53
bones/54/rest = Transform3D(1, -1.39698e-09, -6.98492e-09, 1.39698e-09, 1, -5.12227e-09, 6.98492e-09, 5.12227e-09, 1, 0.00247645, 1.88844, -1.97291e-05)
bones/54/enabled = true
bones/54/position = Vector3(0.0024823, 1.88842, 2.563e-06)
bones/54/rotation = Quaternion(2.56114e-09, -3.49246e-09, 6.98492e-10, 1)
bones/54/scale = Vector3(1, 1, 1)
bones/55/name = "mixamorig1_LeftUpLeg"
bones/55/parent = 0
bones/55/rest = Transform3D(-0.996189, 0.0874737, -2.5478e-05, -0.087299, -0.994173, -0.0632388, -0.00555712, -0.0629935, 0.99801, 8.0782, -5.40237, -0.535866)
bones/55/enabled = true
bones/55/position = Vector3(8.0782, -5.40237, -0.535866)
bones/55/rotation = Quaternion(0.134472, 0.0556421, 0.98656, -0.0743036)
bones/55/scale = Vector3(1.00002, 1, 1.00001)
bones/56/name = "mixamorig1_LeftLeg"
bones/56/parent = 55
bones/56/rest = Transform3D(0.999969, 0.00785498, 1.7305e-05, -0.00785496, 0.999955, 0.00531908, 2.44771e-05, -0.00531905, 0.999986, -3.0162e-06, 42.7899, -2.07743e-07)
bones/56/enabled = true
bones/56/position = Vector3(-3.0162e-06, 42.7899, -2.07743e-07)
bones/56/rotation = Quaternion(-0.108233, -0.0112969, 0.0335693, 0.993494)
bones/56/scale = Vector3(1, 1, 1)
bones/57/name = "mixamorig1_LeftFoot"
bones/57/parent = 56
bones/57/rest = Transform3D(0.999425, -0.0291679, -0.0172745, -4.61005e-07, 0.509568, -0.860431, 0.0338995, 0.859936, 0.509275, -4.51691e-06, 42.1737, 7.5181e-06)
bones/57/enabled = true
bones/57/position = Vector3(-4.51691e-06, 42.1737, 7.5181e-06)
bones/57/rotation = Quaternion(0.471483, -0.0284362, -0.0102072, 0.881357)
bones/57/scale = Vector3(1, 1, 1)
bones/58/name = "mixamorig1_LeftToeBase"
bones/58/parent = 57
bones/58/rest = Transform3D(0.993024, -0.0655792, -0.097997, -1.34855e-06, 0.831072, -0.556164, 0.117915, 0.552284, 0.825274, 3.97116e-06, 16.1821, -5.1856e-06)
bones/58/enabled = true
bones/58/position = Vector3(3.97116e-06, 16.1821, -5.1856e-06)
bones/58/rotation = Quaternion(0.330837, -0.0594338, 0.0176992, 0.941648)
bones/58/scale = Vector3(1, 1, 1)
bones/59/name = "mixamorig1_LeftToe_End"
bones/59/parent = 58
bones/59/rest = Transform3D(1, -1.87938e-08, 2.22138e-06, 1.87938e-08, 1, -7.7416e-09, -2.22138e-06, 7.74164e-09, 1, -1.26846e-06, 6.20579, 0)
bones/59/enabled = true
bones/59/position = Vector3(-1.26846e-06, 6.20579, 0)
bones/59/rotation = Quaternion(3.87081e-09, 1.11069e-06, 9.3969e-09, 1)
bones/59/scale = Vector3(1, 1, 1)
bones/60/name = "mixamorig1_RightUpLeg"
bones/60/parent = 0
bones/60/rest = Transform3D(-0.996185, -0.0875024, 1.86639e-05, 0.0873567, -0.994497, -0.057839, 0.00507968, -0.057615, 0.998335, -8.0782, -5.4024, -0.751774)
bones/60/enabled = true
bones/60/position = Vector3(-8.0782, -5.4024, -0.751774)
bones/60/rotation = Quaternion(-0.0901245, -0.0224946, 0.995361, -0.025053)
bones/60/scale = Vector3(1.00002, 1, 1.00001)
bones/61/name = "mixamorig1_RightLeg"
bones/61/parent = 60
bones/61/rest = Transform3D(0.999969, -0.00788895, -7.79704e-05, 0.0078893, 0.999887, 0.0127614, -2.27128e-05, -0.0127617, 0.999918, -5.88945e-07, 42.7759, 6.51489e-07)
bones/61/enabled = true
bones/61/position = Vector3(-5.88945e-07, 42.7759, 6.51489e-07)
bones/61/rotation = Quaternion(-0.0775832, 0.0851473, -0.0252381, 0.993023)
bones/61/scale = Vector3(1, 1, 1)
bones/62/name = "mixamorig1_RightFoot"
bones/62/parent = 61
bones/62/rest = Transform3D(0.999447, 0.0286891, 0.0167858, 1.20513e-06, 0.504973, -0.863135, -0.0332389, 0.862658, 0.504694, -1.64565e-06, 42.1797, -4.55417e-07)
bones/62/enabled = true
bones/62/position = Vector3(-1.64565e-06, 42.1797, -4.55417e-07)
bones/62/rotation = Quaternion(0.51877, 0.0216606, -0.0307669, 0.854085)
bones/62/scale = Vector3(1, 1, 1)
bones/63/name = "mixamorig1_RightToeBase"
bones/63/parent = 62
bones/63/rest = Transform3D(0.992819, 0.0662042, 0.0996411, 2.05264e-06, 0.832901, -0.553422, -0.11963, 0.549448, 0.826919, -8.55699e-06, 16.2603, 6.55651e-06)
bones/63/enabled = true
bones/63/position = Vector3(-8.55699e-06, 16.2603, 6.55651e-06)
bones/63/rotation = Quaternion(0.346705, 0.0615053, -0.0180354, 0.935782)
bones/63/scale = Vector3(1, 1, 1)
bones/64/name = "mixamorig1_RightToe_End"
bones/64/parent = 63
bones/64/rest = Transform3D(1, 7.03731e-08, -2.19274e-06, -7.0373e-08, 1, 5.65779e-08, 2.19274e-06, -5.65778e-08, 1, 7.26432e-07, 6.17995, -1.3411e-07)
bones/64/enabled = true
bones/64/position = Vector3(7.26432e-07, 6.17995, -1.3411e-07)
bones/64/rotation = Quaternion(-2.82889e-08, -1.09637e-06, -3.51865e-08, 1)
bones/64/scale = Vector3(1, 1, 1)
